1.256
0.68
2.264
1.464
0.6
0.784
1.912
3.376
2.48
1.584
0.808
0.552
3.272
0.624
2.048
7.736
1.352
0.656
2.152
1.552
5.52
4.368
2.144
0.672
4.496
0.768
1.464
0.96
0.704
2.784
1.04
4.48
0.944
1.432
1.0
1.088
6.232
2.576
2.088
4.816
4.6
4.088
0.816
2.416
1.624
1.888
5.112
0.352
1.04
0.4
1.776
5.744
3.048
3.824
0.384
1.416
1.288
6.92
2.256
2.344
0.352
0.536
0.384
3.056
3.552
3.144
5.224
8.2
1.984
0.216
0.192
0.848
1.504
3.24
1.544
5.664
6.016
0.16
0.456
2.72
2.352
4.784
1.048
2.568
0.888
0.984
0.264
1.232
7.496
3.144
4.888
1.008
4.512
1.384
6.392
4.808
1.68
4.88
1.128
2.312
0.92
0.552
0.184
3.216
7.832
5.8
3.752
1.216
0.264
0.36
2.016
0.944
3.856
4.016
0.28
2.952
2.032
0.904
6.216
1.304
1.192
8.368
2.768
0.224
0.632
6.048
1.768
0.592
1.008
1.08
0.968
2.384
1.888
4.024
1.624
0.464
3.4
0.456
4.592
3.888
7.712
0.328
1.664
6.552
5.064
2.248
7.416
0.56
0.68
1.256
1.752
0.88
0.976
3.816
2.856
1.568
1.688
0.48
0.4
4.472
5.952
7.224
5.784
1.016
1.0
1.16
0.16
0.68
6.2
6.88
4.976
2.984
0.696
0.304
4.408
3.176
0.568
0.904
4.992
2.184
3.328
0.408
1.44
1.848
2.848
8.544
5.36
1.272
4.424
4.632
1.448
0.632
3.088
2.056
3.312
4.16
0.256
2.688
5.896
0.256
1.28
0.808
5.56
8.464
0.936
4.072
0.432
1.352
7.648
0.456
2.2
1.736
0.368
3.448
1.552
1.328
0.728
1.488
0.328
3.76
0.512
0.632
0.528
1.336
4.8
0.88
1.72
2.888
1.184
2.208
5.272
1.432
1.368
0.536
1.032
1.2
1.792
0.824
0.888
2.776
4.304
4.472
1.608
5.904
3.136
2.248
1.48
0.44
5.536
2.28
1.4
6.776
2.544
1.624
1.664
0.664
1.136
0.336
3.744
2.568
1.024
1.056
0.928
1.192
0.416
1.208
6.224
0.856
1.384
0.44
0.368
2.888
2.096
0.552
3.344
0.808
